Arson
    index         ds       yhat  yhat_lower  yhat_upper     y
0      97 2013-01-31  28.393923    9.357710   46.139911  12.0
1      98 2013-02-28  28.405134   10.469500   46.576158   6.0
2      99 2013-03-31  28.014230    9.586264   44.664634  27.0
3     100 2013-04-30  29.312288   10.836630   47.371183  33.0
4     101 2013-05-31  26.866941    7.505916   46.080579  25.0
5     102 2013-06-30  28.050665    9.843642   47.735059  28.0
6     103 2013-07-31  25.711734    8.008993   44.418652  44.0
7     104 2013-08-31  25.651252    6.189016   44.611527  46.0
8     105 2013-09-30  22.788064    3.609203   41.173869  29.0
9     106 2013-10-31  28.503229    9.866069   46.812206  25.0
10    107 2013-11-30  25.687687    7.485496   43.960853  25.0
11    108 2013-12-31  29.410383   10.825089   48.121450   8.0
12    109 2014-01-31  26.965036    8.365981   45.591285  10.0
13    110 2014-02-28  26.976247    9.937397   45.510524   9.0
14    111 2014-03-31  22.860934    3.702218   41.174479  19.0
15    112 2014-04-30  25.821039    7.441343   43.691800  27.0
16    113 2014-05-31  25.760557    8.620626   44.218221  24.0
17    114 2014-06-30  22.897369    3.176728   42.017956  31.0
18    115 2014-07-31  28.612535    9.694617   46.267420  50.0
19    116 2014-08-31  28.221631   10.386481   45.996193  35.0
20    117 2014-09-30  29.519688   11.912793   47.786824  19.0
21    118 2014-10-31  27.074341    8.390742   45.601918  24.0
22    119 2014-11-30  28.258066   10.406507   46.278294  31.0
23    120 2014-12-31  25.919134    5.018383   44.068265  22.0
24    121 2015-01-31  25.858652    7.442702   44.145149  10.0
25    122 2015-02-28  25.869863    8.023934   44.734875  11.0
26    123 2015-03-31  29.592559   11.714459   48.157463  14.0
27    124 2015-04-30  28.721840    9.651122   45.778956  23.0
28    125 2015-05-31  28.330936   10.887370   44.736870  29.0
29    126 2015-06-30  29.628994   11.600643   47.497151  34.0
30    127 2015-07-31  27.183647    7.449772   46.537643  30.0
31    128 2015-08-31  23.068335    5.189007   40.878554  15.0
32    129 2015-09-30  26.028440    8.162076   44.004701  21.0
33    130 2015-10-31  25.967958    6.234255   44.387326  23.0
34    131 2015-11-30  23.104770    4.027862   41.006515  14.0
28.39392325496776 16.39392325496776
28.40513409620512 22.40513409620512
28.014230220407644 1.0142302204076437
29.31228791826669 3.6877120817333093
26.866940898777067 1.8669408987770666
28.050665454484406 0.05066545448440607
25.711733719029663 18.288266280970337
25.65125163372612 20.34874836627388
22.78806358461948 6.211936415380521
28.503228957199482 3.5032289571994824
25.687686867785963 0.6876868677859633
29.41038277924478 21.41038277924478
0.3761975833552931
AssaultOffense
    index         ds        yhat  yhat_lower   yhat_upper       y
0      97 2013-01-31  770.027216  501.010775  1030.935251   770.0
1      98 2013-02-28  769.984101  506.429108  1015.165069   632.0
2      99 2013-03-31  741.709502  493.329618   994.324310   838.0
3     100 2013-04-30  743.927058  507.513377   986.325907   860.0
4     101 2013-05-31  736.327930  492.242423   971.852821   916.0
5     102 2013-06-30  741.569378  494.717520   985.062249   926.0
6     103 2013-07-31  727.844622  467.486868   985.154071   898.0
7     104 2013-08-31  800.109378  563.234351  1038.400313   876.0
8     105 2013-09-30  726.993804  468.853030   987.064560   783.0
9     106 2013-10-31  769.606843  502.872828  1008.534723   752.0
10    107 2013-11-30  799.969253  539.631486  1049.183071   709.0
11    108 2013-12-31  743.549800  497.812312   993.866869   701.0
12    109 2014-01-31  735.950672  474.912661   973.522156   638.0
13    110 2014-02-28  735.907557  490.319971   972.579574   599.0
14    111 2014-03-31  726.713556  480.698150   977.239618   740.0
15    112 2014-04-30  727.424249  477.391484   982.780578   748.0
16    113 2014-05-31  799.689005  549.781700  1030.645775   871.0
17    114 2014-06-30  726.573431  487.555067   983.132642   834.0
18    115 2014-07-31  769.186471  530.321942  1027.574117   863.0
19    116 2014-08-31  740.911871  491.490203   984.592159   879.0
20    117 2014-09-30  743.129428  507.332177   987.273290   803.0
21    118 2014-10-31  735.530299  483.012993  1008.289194   797.0
22    119 2014-11-30  740.771747  495.641869   970.449997   715.0
23    120 2014-12-31  727.046991  481.098080   993.052018   779.0
24    121 2015-01-31  799.311747  565.537206  1057.517153   719.0
25    122 2015-02-28  799.268632  574.531085  1050.406750   630.0
26    123 2015-03-31  742.849179  491.119389   980.377576   748.0
27    124 2015-04-30  768.766098  529.191404  1009.600865   875.0
28    125 2015-05-31  740.491499  511.893229   970.648948   957.0
29    126 2015-06-30  742.709055  488.872741   987.307755   887.0
30    127 2015-07-31  735.109927  474.171057   981.549705  1008.0
31    128 2015-08-31  725.915925  470.920473   972.533019   903.0
32    129 2015-09-30  726.626618  482.541976   965.398464   837.0
33    130 2015-10-31  798.891374  565.970589  1035.643865   769.0
34    131 2015-11-30  725.775801  483.133006  1002.499017   800.0
770.0272163468244 0.027216346824388893
769.9841011760865 137.98410117608648
741.7095021167495 96.29049788325051
743.9270582442595 116.07294175574054
736.3279301164458 179.67206988355417
741.5693778116945 184.4306221883055
727.844622065857 170.15537793414296
800.1093775617348 75.89062243826515
726.9938043839554 56.00619561604458
769.6068434316077 17.606843431607672
799.9692532565638 90.96925325656377
743.549800499862 42.549800499862044
0.12086280327194367
Burglary
    index         ds        yhat  yhat_lower  yhat_upper      y
0      97 2013-01-31  630.949350  431.495103  820.279810  608.0
1      98 2013-02-28  632.998842  442.905412  824.224772  345.0
2      99 2013-03-31  647.637175  453.258340  832.237407  402.0
3     100 2013-04-30  626.927691  437.731405  818.459527  489.0
4     101 2013-05-31  649.700918  451.782825  828.418706  512.0
5     102 2013-06-30  654.298026  470.239097  843.656556  546.0
6     103 2013-07-31  640.212244  440.520877  830.333606  682.0
7     104 2013-08-31  639.658727  443.315925  826.781561  666.0
8     105 2013-09-30  655.650754  464.295817  848.702082  607.0
9     106 2013-10-31  650.931900  450.449441  839.679935  678.0
10    107 2013-11-30  646.319578  454.219394  829.347147  618.0
11    108 2013-12-31  644.860749  447.735844  845.884631  480.0
12    109 2014-01-31  667.633976  471.089870  864.101698  380.0
13    110 2014-02-28  669.683468  483.617924  876.749545  282.0
14    111 2014-03-31  668.972454  472.863721  848.522316  382.0
15    112 2014-04-30  660.194795  462.228608  845.873256  393.0
16    113 2014-05-31  659.641278  460.787718  860.280035  589.0
17    114 2014-06-30  675.633304  481.733800  872.647087  479.0
18    115 2014-07-31  670.914450  481.723444  875.256250  632.0
19    116 2014-08-31  685.552784  485.429347  886.820841  644.0
20    117 2014-09-30  664.843299  478.972006  855.094805  572.0
21    118 2014-10-31  687.616526  478.238512  882.103167  579.0
22    119 2014-11-30  692.213634  501.612669  884.584026  555.0
23    120 2014-12-31  678.127853  482.316454  871.411309  656.0
24    121 2015-01-31  677.574336  490.083297  877.490978  509.0
25    122 2015-02-28  679.623828  475.863793  876.793434  264.0
26    123 2015-03-31  678.165000  491.102738  874.254954  424.0
27    124 2015-04-30  690.897000  490.302640  893.460639  446.0
28    125 2015-05-31  705.535334  524.267776  892.492197  513.0
29    126 2015-06-30  684.825850  506.462671  881.859872  508.0
30    127 2015-07-31  707.599077  516.470022  911.542664  536.0
31    128 2015-08-31  706.888062  505.533611  900.506834  516.0
32    129 2015-09-30  698.110403  514.725771  877.441964  538.0
33    130 2015-10-31  697.556886  501.676826  890.812534  481.0
34    131 2015-11-30  713.548912  538.734853  917.624979  485.0
630.9493495135247 22.94934951352468
632.9988418528029 287.9988418528029
647.637175434648 245.63717543464804
626.9276910227763 137.92769102277634
649.7009179235661 137.70091792356607
654.298025537325 108.29802553732497
640.2122444011136 41.787755598886406
639.6587274393951 26.34127256060492
655.650753845398 48.65075384539796
650.931899821573 27.068100178427017
646.3195775420957 28.319577542095658
644.8607489915162 164.86074899151618
0.19260368008466322
CriminalDamage
    index         ds        yhat  yhat_lower  yhat_upper      y
0      97 2013-01-31  477.196407  200.986203  752.018804  377.0
1      98 2013-02-28  472.617976  206.831888  725.936277  228.0
2      99 2013-03-31  438.686272  187.337944  702.810989  341.0
3     100 2013-04-30  460.884045  201.436104  744.437829  415.0
4     101 2013-05-31  394.616429  139.166341  641.099817  437.0
5     102 2013-06-30  423.806372  172.054819  684.299533  430.0
6     103 2013-07-31  398.760142  133.155040  659.539102  481.0
7     104 2013-08-31  474.697996  222.222231  758.547012  465.0
8     105 2013-09-30  372.077277   90.514576  628.505234  409.0
9     106 2013-10-31  432.556705  194.353401  684.004537  481.0
10    107 2013-11-30  459.818096  210.257930  722.442422  353.0
11    108 2013-12-31  420.822775  164.187211  694.704695  301.0
12    109 2014-01-31  354.555159   96.392617  610.250127  240.0
13    110 2014-02-28  349.976728   82.387100  632.435076  183.0
14    111 2014-03-31  342.317476   74.849209  600.924985  322.0
15    112 2014-04-30  354.120440   94.158171  630.610778  426.0
16    113 2014-05-31  430.058295  162.462450  687.543666  460.0
17    114 2014-06-30  327.437576   56.732154  592.991919  387.0
18    115 2014-07-31  387.917004  123.387112  651.183345  461.0
19    116 2014-08-31  353.985301   80.238155  635.645865  450.0
20    117 2014-09-30  376.183073  114.959695  622.093685  426.0
21    118 2014-10-31  309.915458   50.297546  571.384018  398.0
22    119 2014-11-30  339.105400   72.190169  607.555906  303.0
23    120 2014-12-31  314.059170   58.486475  572.224092  304.0
24    121 2015-01-31  389.997024  121.972262  661.890434  254.0
25    122 2015-02-28  385.418594  133.672479  660.112234  161.0
26    123 2015-03-31  346.423272  106.313637  607.069993  318.0
27    124 2015-04-30  343.277303   84.528643  602.105127  380.0
28    125 2015-05-31  309.345599   49.057581  574.015746  360.0
29    126 2015-06-30  331.543372   73.441633  602.425924  377.0
30    127 2015-07-31  265.275757   14.300447  525.019218  384.0
31    128 2015-08-31  257.616505    2.613564  540.651456  397.0
32    129 2015-09-30  269.419469   13.700567  509.767501  379.0
33    130 2015-10-31  345.357323   84.663435  624.393790  339.0
34    131 2015-11-30  242.736604  -17.624024  505.069664  343.0
477.19640656173317 100.19640656173317
472.61797566127495 244.61797566127495
438.68627232247474 97.68627232247474
460.8840449424222 45.88404494242218
394.6164294689098 42.383570531090186
423.8063718960818 6.193628103918172
398.7601415957049 82.23985840429509
474.69799609353987 9.69799609353987
372.07727706015385 36.92272293984615
432.5567052824942 48.44329471750581
459.81809566690094 106.81809566690094
420.8227745636733 119.8227745636733
0.19942913109552238
Homicide
    index         ds      yhat  yhat_lower  yhat_upper     y
0      97 2013-01-31  7.256149    1.431861   13.280935   6.0
1      98 2013-02-28  7.229154    1.556399   13.163209   7.0
2      99 2013-03-31  6.721778    0.242329   12.466836   5.0
3     100 2013-04-30  5.884337   -0.015289   11.908795   8.0
4     101 2013-05-31  6.277134    0.398507   12.126595   4.0
5     102 2013-06-30  6.634044    0.554172   12.851078   8.0
6     103 2013-07-31  5.839933    0.196859   11.884991   9.0
7     104 2013-08-31  6.925041    1.477264   13.237211  21.0
8     105 2013-09-30  5.054476   -1.202250   11.081921  14.0
9     106 2013-10-31  6.992946    1.364025   12.697451   9.0
10    107 2013-11-30  6.837307    0.996402   12.537286   9.0
11    108 2013-12-31  5.648130   -0.429890   11.771694   6.0
12    109 2014-01-31  6.040927    0.211985   11.904482   1.0
13    110 2014-02-28  6.013932   -0.092141   11.954939   3.0
14    111 2014-03-31  4.879008   -1.191124   11.006707   7.0
15    112 2014-04-30  5.576730   -0.025036   11.321770   5.0
16    113 2014-05-31  6.661839    0.820825   12.554076  10.0
17    114 2014-06-30  4.791274   -1.390781   10.810165   8.0
18    115 2014-07-31  6.729744    0.940691   12.484321   8.0
19    116 2014-08-31  6.222369    0.309150   12.235715  15.0
20    117 2014-09-30  5.384927   -0.437197   11.220445   4.0
21    118 2014-10-31  5.777725   -0.394755   11.844187  10.0
22    119 2014-11-30  6.134635    0.306274   11.757211   4.0
23    120 2014-12-31  5.340523   -0.691279   11.181255   9.0
24    121 2015-01-31  6.425632    0.920738   12.334999  11.0
25    122 2015-02-28  6.398636    0.183824   12.144096   6.0
26    123 2015-03-31  5.209459   -0.254680   11.539269  10.0
27    124 2015-04-30  6.466542    0.338554   12.629462  15.0
28    125 2015-05-31  5.959167   -0.266802   11.894993  15.0
29    126 2015-06-30  5.121725   -0.476490   11.243564  12.0
30    127 2015-07-31  5.514523   -0.443744   11.651372  20.0
31    128 2015-08-31  4.379599   -1.224800   10.235628  10.0
32    129 2015-09-30  5.077321   -0.880689   11.102327   9.0
33    130 2015-10-31  6.162429    0.254080   12.322043  13.0
34    131 2015-11-30  4.291865   -1.828851   10.394259  11.0
7.2561486605416405 1.2561486605416405
7.229153566524548 0.22915356652454832
6.721778008593214 1.7217780085932137
5.884336601016187 2.1156633989838127
6.277134080499682 2.277134080499682
6.634043953042831 1.3659560469571694
5.8399325739813435 3.1600674260186565
6.925040739928258 14.074959260071742
5.054476129767673 8.945523870232327
6.992946493889455 2.0070535061105446
6.837306684374038 2.162693315625962
5.648129528380496 0.35187047161950424
0.3742264302998
LockedVehicle
    index         ds        yhat  yhat_lower  yhat_upper      y
0      97 2013-01-31  422.702059  203.130155  657.456387  287.0
1      98 2013-02-28  420.148301  192.377017  660.690770  212.0
2      99 2013-03-31  430.723643  195.480604  658.590823  225.0
3     100 2013-04-30  383.914996  159.880348  600.825564  292.0
4     101 2013-05-31  395.213861  179.890576  599.478322  315.0
5     102 2013-06-30  422.423930  198.773768  644.569428  393.0
6     103 2013-07-31  395.269478  177.802085  618.362083  380.0
7     104 2013-08-31  385.723861  166.370016  609.233763  406.0
8     105 2013-09-30  369.355993  143.519950  610.005936  477.0
9     106 2013-10-31  397.802921  171.559686  623.388435  428.0
10    107 2013-11-30  377.424149  135.831484  613.964708  287.0
11    108 2013-12-31  361.569616  128.953080  579.378291  244.0
12    109 2014-01-31  372.868481  131.283277  600.413020  242.0
13    110 2014-02-28  370.314723  132.558013  595.591175  194.0
14    111 2014-03-31  352.756568  113.288720  593.552751  194.0
15    112 2014-04-30  370.370340  143.072850  604.348543  224.0
16    113 2014-05-31  360.824723  148.541696  574.052951  324.0
17    114 2014-06-30  344.456855  129.955620  562.409974  354.0
18    115 2014-07-31  372.903784  143.184058  598.049229  438.0
19    116 2014-08-31  383.479125  153.639232  595.559060  471.0
20    117 2014-09-30  336.670478  119.308340  544.066122  592.0
21    118 2014-10-31  347.969343  123.531307  586.290517  446.0
22    119 2014-11-30  375.179412  154.789483  620.317904  310.0
23    120 2014-12-31  348.024960  126.140346  574.081001  314.0
24    121 2015-01-31  338.479343  127.622600  543.009234  203.0
25    122 2015-02-28  335.925586  112.975062  576.924467  174.0
26    123 2015-03-31  320.071053  105.695475  558.853643  260.0
27    124 2015-04-30  348.004646  124.101717  570.196544  303.0
28    125 2015-05-31  358.579987  138.094777  575.005949  356.0
29    126 2015-06-30  311.771340   82.923217  547.436588  345.0
30    127 2015-07-31  323.070205  111.443309  577.662014  317.0
31    128 2015-08-31  305.512050   73.895737  548.680949  277.0
32    129 2015-09-30  323.125823  103.974950  562.340610  327.0
33    130 2015-10-31  313.580206   82.859121  545.394451  406.0
34    131 2015-11-30  297.212338   75.629004  525.069820  439.0
422.70205918625686 135.70205918625686
420.1483014725005 208.14830147250052
430.7236427045825 205.72364270458252
383.9149956834733 91.91499568347331
395.21386068885374 80.21386068885374
422.42393013511787 29.42393013511787
395.2694780592725 15.269478059272501
385.7238611094018 20.27613889059819
369.35599319985613 107.64400680014387
397.8029214778551 30.19707852214492
377.424148539883 90.42414853988299
361.5696156887727 117.56961568877273
0.287001332075925
Robbery
    index         ds        yhat  yhat_lower  yhat_upper      y
0      97 2013-01-31  265.541764  149.761834  374.521530  316.0
1      98 2013-02-28  265.401282  160.348219  378.365438  159.0
2      99 2013-03-31  276.400643  156.541641  388.396410  203.0
3     100 2013-04-30  270.055498  160.528620  395.148776  262.0
4     101 2013-05-31  273.010455  169.456404  390.414843  261.0
5     102 2013-06-30  275.944076  157.611618  386.593058  302.0
6     103 2013-07-31  266.568002  162.192288  375.144550  352.0
7     104 2013-08-31  261.829624  141.191832  382.812701  353.0
8     105 2013-09-30  238.713928  129.764991  354.336034  308.0
9     106 2013-10-31  264.172063  149.583151  371.644707  280.0
10    107 2013-11-30  261.373057  158.800372  366.544421  272.0
11    108 2013-12-31  268.826279  163.488932  380.549528  289.0
12    109 2014-01-31  271.781236  150.941225  391.597916  266.0
13    110 2014-02-28  271.640754  150.931802  380.391266  167.0
14    111 2014-03-31  237.800794  124.623250  352.448934  216.0
15    112 2014-04-30  265.198301  157.625367  374.145227  244.0
16    113 2014-05-31  260.459923  152.832440  375.179394  289.0
17    114 2014-06-30  237.344227  128.989736  355.144815  391.0
18    115 2014-07-31  262.802361  152.955114  372.700355  313.0
19    116 2014-08-31  273.801722  155.169655  378.911431  360.0
20    117 2014-09-30  267.456578  159.684179  381.397726  364.0
21    118 2014-10-31  270.411535  159.127813  390.042705  335.0
22    119 2014-11-30  273.345155  168.073768  387.819433  310.0
23    120 2014-12-31  263.969082  153.092950  379.401280  361.0
24    121 2015-01-31  259.230704  146.753768  377.610145  316.0
25    122 2015-02-28  259.090222  143.838940  371.253654  181.0
26    123 2015-03-31  266.543444  154.232748  380.965609  292.0
27    124 2015-04-30  261.432660  143.990824  372.570996  303.0
28    125 2015-05-31  272.432021  163.653240  377.615932  290.0
29    126 2015-06-30  266.086877  161.481714  378.209413  330.0
30    127 2015-07-31  269.041834  162.808816  381.521616  384.0
31    128 2015-08-31  235.201874  113.734872  351.005506  371.0
32    129 2015-09-30  262.599381  155.471239  380.580465  323.0
33    130 2015-10-31  257.861003  150.248865  379.986564  297.0
34    131 2015-11-30  234.745307  121.527449  350.695033  357.0
265.5417637117471 50.45823628825292
265.4012815397556 106.40128153975559
276.40064264435784 73.40064264435784
270.0554980178941 8.055498017894081
273.01045488450825 12.010454884508249
275.9440755856875 26.05592441431253
266.56800226255643 85.43199773744357
261.8296238934969 91.17037610650311
238.71392795604814 69.28607204395186
264.17206253571794 15.827937464282058
261.37305683476865 10.626943165231353
268.82627901378225 20.173720986217745
0.1694665133430774
SexOffense
    index         ds       yhat  yhat_lower  yhat_upper      y
0      97 2013-01-31  72.470356   52.629710   91.569996   81.0
1      98 2013-02-28  72.450049   50.804645   92.453589   43.0
2      99 2013-03-31  67.788260   46.760445   89.030479   69.0
3     100 2013-04-30  68.782002   49.645261   88.653298   85.0
4     101 2013-05-31  63.381908   41.508089   84.996168   75.0
5     102 2013-06-30  67.722263   46.705826   88.204112   75.0
6     103 2013-07-31  69.286557   49.267734   90.454033   62.0
7     104 2013-08-31  70.426423   50.312698   92.420381   72.0
8     105 2013-09-30  66.535930   45.934280   88.823470   62.0
9     106 2013-10-31  72.272366   51.536698   92.983548   59.0
10    107 2013-11-30  70.360426   48.084633   91.344787   68.0
11    108 2013-12-31  68.604319   47.297984   89.121982   53.0
12    109 2014-01-31  63.204225   43.750538   82.459627   80.0
13    110 2014-02-28  63.183918   42.730220   83.232873   45.0
14    111 2014-03-31  66.403937   44.751726   87.583845   84.0
15    112 2014-04-30  69.088567   49.551417   89.797697   59.0
16    113 2014-05-31  70.228433   50.207240   91.763369   78.0
17    114 2014-06-30  66.337940   44.999446   86.697439   80.0
18    115 2014-07-31  72.074376   50.931824   93.383164   72.0
19    116 2014-08-31  67.412587   48.331364   89.645096   58.0
20    117 2014-09-30  68.406329   48.520068   88.670625   77.0
21    118 2014-10-31  63.006235   42.514641   82.388071   64.0
22    119 2014-11-30  67.346590   44.946429   89.705641   63.0
23    120 2014-12-31  68.910884   47.573668   88.750944   73.0
24    121 2015-01-31  70.050750   49.035293   90.789950   92.0
25    122 2015-02-28  70.030443   48.265814   91.383788   58.0
26    123 2015-03-31  68.274336   47.987969   88.446392  105.0
27    124 2015-04-30  71.876386   51.458433   92.651905   71.0
28    125 2015-05-31  67.214597   47.715495   87.404861   55.0
29    126 2015-06-30  68.208339   47.731555   88.527183   71.0
30    127 2015-07-31  62.808246   40.884185   83.590703   68.0
31    128 2015-08-31  66.028264   44.885966   85.044821   95.0
32    129 2015-09-30  68.712894   47.697532   90.894030   73.0
33    130 2015-10-31  69.852760   50.411916   89.945583   74.0
34    131 2015-11-30  65.962267   45.024748   86.988671   85.0
72.4703556926315 8.5296443073685
72.45004905217542 29.450049052175416
67.78825988931075 1.2117401106892487
68.78200207774147 16.217997922258533
63.38190815532488 11.61809184467512
67.72226330782442 7.27773669217558
69.28655653417354 7.286556534173542
70.426422574752 1.5735774252480041
66.53593005222646 4.535930052226462
72.27236594816975 13.27236594816975
70.3604259932521 2.3604259932520932
68.60431897374453 15.604318973744526
0.14793337668676218
Theft
    index         ds        yhat  yhat_lower   yhat_upper      y
0      97 2013-01-31  834.438534  578.111749  1107.940896  736.0
1      98 2013-02-28  829.515882  572.185704  1092.937438  575.0
2      99 2013-03-31  839.094946  595.043944  1105.507529  738.0
3     100 2013-04-30  816.529827  536.197033  1105.680318  856.0
4     101 2013-05-31  766.381607  493.389043  1006.204279  866.0
5     102 2013-06-30  823.096328  556.413997  1062.461380  902.0
6     103 2013-07-31  787.649930  534.540478  1052.670414  936.0
7     104 2013-08-31  850.387652  586.970827  1123.872102  952.0
8     105 2013-09-30  779.016342  520.962471  1054.269245  942.0
9     106 2013-10-31  786.442681  506.560565  1041.923669  874.0
10    107 2013-11-30  834.389034  577.296110  1101.059076  765.0
11    108 2013-12-31  773.456626  491.176715  1041.070156  663.0
12    109 2014-01-31  723.308406  469.250356   960.853213  590.0
13    110 2014-02-28  718.385755  461.841992   981.793509  552.0
14    111 2014-03-31  747.019107  489.004173  1016.802285  697.0
15    112 2014-04-30  739.654077  462.725262  1003.165787  694.0
16    113 2014-05-31  802.391799  522.358545  1079.093399  768.0
17    114 2014-06-30  731.020490  487.489367   979.676480  807.0
18    115 2014-07-31  738.446829  488.163939   999.490407  898.0
19    116 2014-08-31  748.025892  495.033219  1023.582441  784.0
20    117 2014-09-30  725.460773  446.566201   983.943302  776.0
21    118 2014-10-31  675.312554  423.126999   940.110153  750.0
22    119 2014-11-30  732.027275  462.723431   996.418013  549.0
23    120 2014-12-31  696.580876  435.451234   962.353459  653.0
24    121 2015-01-31  759.318598  492.753629  1037.830668  559.0
25    122 2015-02-28  754.395946  489.687499  1038.443436  436.0
26    123 2015-03-31  693.463538  449.652893   958.316042  689.0
27    124 2015-04-30  690.450976  409.312950   952.150326  650.0
28    125 2015-05-31  700.030040  436.010805   967.863928  642.0
29    126 2015-06-30  677.464921  407.867140   918.389364  662.0
30    127 2015-07-31  627.316701  376.886521   877.238486  691.0
31    128 2015-08-31  655.950054  379.322764   941.862689  652.0
32    129 2015-09-30  648.585024  363.683489   880.680376  610.0
33    130 2015-10-31  711.322745  449.994918   971.394596  665.0
34    131 2015-11-30  639.951436  369.971938   907.822763  617.0
834.4385339588141 98.4385339588141
829.5158824091272 254.51588240912724
839.094946014695 101.09494601469498
816.5298267926378 39.47017320736222
766.3816072274385 99.61839277256149
823.0963284781315 78.90367152186855
787.6499298072763 148.3500701927237
850.3876516149725 101.61234838502753
779.0163423510874 162.98365764891264
786.4426813490569 87.5573186509431
834.3890340782721 69.38903407827206
773.456625732648 110.45662573264804
0.13792867461223413
VehicleTheft
    index         ds        yhat  yhat_lower  yhat_upper      y
0      97 2013-01-31  327.389154  119.943000  548.010293  325.0
1      98 2013-02-28  324.144744  110.973369  547.601813  238.0
2      99 2013-03-31  347.258679  116.734938  589.925338  307.0
3     100 2013-04-30  316.449621   91.976362  525.698698  279.0
4     101 2013-05-31  334.026387  101.567748  555.203736  280.0
5     102 2013-06-30  336.714348  120.062836  571.078682  322.0
6     103 2013-07-31  293.642540   78.593087  544.981960  366.0
7     104 2013-08-31  326.292026   95.125119  539.629888  417.0
8     105 2013-09-30  287.732887   55.634481  520.154315  455.0
9     106 2013-10-31  295.756158   70.587339  523.582927  577.0
10    107 2013-11-30  315.747694   87.037807  535.620419  496.0
11    108 2013-12-31  288.061035   50.457874  503.564863  402.0
12    109 2014-01-31  305.637801   71.650795  547.634899  461.0
13    110 2014-02-28  302.393391   72.601508  529.775953  331.0
14    111 2014-03-31  266.644223   35.909357  500.922040  445.0
15    112 2014-04-30  262.009545   38.189260  484.012000  387.0
16    113 2014-05-31  294.659030   77.570936  527.097233  553.0
17    114 2014-06-30  256.099891   33.722435  484.955190  780.0
18    115 2014-07-31  264.123163   41.609576  489.322793  933.0
19    116 2014-08-31  287.237098   60.887536  507.981112  930.0
20    117 2014-09-30  256.428039   20.967394  485.125061  735.0
21    118 2014-10-31  274.004805   51.067872  502.499358  307.0
22    119 2014-11-30  276.692766   56.503501  511.031632  404.0
23    120 2014-12-31  233.620959   -0.129254  450.993670  469.0
24    121 2015-01-31  266.270444   42.447287  481.351367  397.0
25    122 2015-02-28  263.026034   38.152241  489.833205  524.0
26    123 2015-03-31  235.339375   13.243369  471.308987  524.0
27    124 2015-04-30  232.490167   -6.790307  460.756858  439.0
28    125 2015-05-31  255.604102   35.632714  472.716117  495.0
29    126 2015-06-30  224.795043   -2.236177  455.133631  702.0
30    127 2015-07-31  242.371810   10.461008  471.073264  658.0
31    128 2015-08-31  206.622641   -5.942043  420.594809  631.0
32    129 2015-09-30  201.987963  -30.784826  433.998815  828.0
33    130 2015-10-31  234.637448   -3.773325  462.887139  824.0
34    131 2015-11-30  196.078309  -32.846923  446.848686  718.0
327.3891540683586 2.389154068358607
324.14474424576264 86.14474424576264
347.25867942916994 40.258679429169945
316.449620639104 37.44962063910401
334.02638717996984 54.026387179969845
336.7143475059089 14.714347505908904
293.64254028504365 72.35745971495635
326.29202563911883 90.70797436088117
287.7328869417592 167.2671130582408
295.7561582985543 281.2438417014457
315.74769371579924 180.25230628420076
288.06103469183256 113.93896530816744
0.2555444877903598
